N = 11 
k = 10
A
   4   10    7    6   -3   10   -2    1    5   -6    7 
   5    1    4    1   -1    8    6   -4   -2    9    4 
  -3   -3    0   -5    7    8   -7   -5   -2   -4   -6 
   5    6    9    7    2   -3    7   -1    3   -4   -3 
  -3   -4   -7    9    5    0    7   -6    4   -8    1 
   2  -10    4    8  -10    6    5    9   -4   -4   -7 
  -1   -7   -2   -3    8    6    2   -5   -5    9   -7 
   6    0   -9    5  -10   -3    3    0   -1   -7    7 
   4   -1   -3    9    8    4   -4   -6    7    2   -3 
  -7   -1   -8   -1    5    6    1    8    4    8   -6 
   7    8   -8    8    1   -5   -1    7   10   -3  -10 
0 576
F
   2   -5   -5    9   -7   10   -2    1    5   -6    7 
   3    0   -1   -7    7    8    6   -4   -2    9    4 
  -4   -6    7    2   -3    8   -7   -5   -2   -4   -6 
   1    8    4    8   -6   -3    7   -1    3   -4   -3 
  -1    7   10   -3  -10    0    7   -6    4   -8    1 
   2  -10    4    8  -10    6    5    9   -4   -4   -7 
  -1   -7   -2   -3    8    6    4   10    7    6   -3 
   6    0   -9    5  -10   -3    5    1    4    1   -1 
   4   -1   -3    9    8    4   -3   -3    0   -5    7 
  -7   -1   -8   -1    5    6    5    6    9    7    2 
   7    8   -8    8    1   -5   -3   -4   -7    9    5 
At
   4    5   -3    5   -3    2   -1    6    4   -7    7 
  10    1   -3    6   -4  -10   -7    0   -1   -1    8 
   7    4    0    9   -7    4   -2   -9   -3   -8   -8 
   6    1   -5    7    9    8   -3    5    9   -1    8 
  -3   -1    7    2    5  -10    8  -10    8    5    1 
  10    8    8   -3    0    6    6   -3    4    6   -5 
  -2    6   -7    7    7    5    2    3   -4    1   -1 
   1   -4   -5   -1   -6    9   -5    0   -6    8    7 
   5   -2   -2    3    4   -4   -5   -1    7    4   10 
  -6    9   -4   -4   -8   -4    9   -7    2    8   -3 
   7    4   -6   -3    1   -7   -7    7   -3   -6  -10 
At*K
  40   50  -30   50  -30   20  -10   60   40  -70   70 
 100   10  -30   60  -40 -100  -70    0  -10  -10   80 
  70   40    0   90  -70   40  -20  -90  -30  -80  -80 
  60   10  -50   70   90   80  -30   50   90  -10   80 
 -30  -10   70   20   50 -100   80 -100   80   50   10 
 100   80   80  -30    0   60   60  -30   40   60  -50 
 -20   60  -70   70   70   50   20   30  -40   10  -10 
  10  -40  -50  -10  -60   90  -50    0  -60   80   70 
  50  -20  -20   30   40  -40  -50  -10   70   40  100 
 -60   90  -40  -40  -80  -40   90  -70   20   80  -30 
  70   40  -60  -30   10  -70  -70   70  -30  -60 -100 
Summa
   6    5    2   15  -10   20   -4    2   10  -12   14 
   8    1    3   -6    6   16   12   -8   -4   18    8 
  -7   -9    7   -3    4   16  -14  -10   -4   -8  -12 
   6   14   13   15   -4   -6   14   -2    6   -8   -6 
  -4    3    3    6   -5    0   14  -12    8  -16    2 
   4  -20    8   16  -20   12   10   18   -8   -8  -14 
  -2  -14   -4   -6   16   12    6    5    2   15  -10 
  12    0  -18   10  -20   -6    8    1    3   -6    6 
   8   -2   -6   18   16    8   -7   -9    7   -3    4 
 -14   -2  -16   -2   10   12    6   14   13   15   -4 
  14   16  -16   16    2  -10   -4    3    3    6   -5 
Vichitanie
   4   10    7    6   -3   10   -2    1    5   -6    7 
   5    1    4    1   -1    8    6   -4   -2    9    4 
  -3   -3    0   -5    7    8   -7   -5   -2   -4   -6 
   5    6    9    7    2   -3    7   -1    3   -4   -3 
  -3   -4   -7    9    5    0    7   -6    4   -8    1 
   2  -10    4    8  -10    6    5    9   -4   -4   -7 
  -1   -7   -2   -3    8    6    2   -5   -5    9   -7 
   6    0   -9    5  -10   -3    3    0   -1   -7    7 
   4   -1   -3    9    8    4   -4   -6    7    2   -3 
  -7   -1   -8   -1    5    6    1    8    4    8   -6 
   7    8   -8    8    1   -5   -1    7   10   -3  -10 
Result
2390 1420  580 2000 -1270 -320  530   40  800 -910  430 
1420 3770  770  790 -210 -860 -480  380 2000 -880 1180 
 580  770 4330 -440 -800  940  250 -320 -1040  -30  910 
2000  790 -440 4360 -740  120 1450  470 2120 -2150 -370 
-1270 -210 -800 -740 4420  870 -920 -1970  950 1680 -1880 
-320 -860  940  120  870 3950 -210 -460 -400 1140 -400 
 530 -480  250 1450 -920 -210 2430  200 -260 -100  260 
  40  380 -320  470 -1970 -460  200 3340  450 -200 -1100 
 800 2000 -1040 2120  950 -400 -260  450 2650 -900 -550 
-910 -880  -30 -2150 1680 1140 -100 -200 -900 4360 -860 
 430 1180  910 -370 -1880 -400  260 -1100 -550 -860 4030 

Время выполнения 3.399472951889038 секунд
